1.000000000000000000e+00 -3.500000000000000000e+00 1.225000000000000000e+01 -4.287500000000000000e+01 1.500625000000000000e+02
1.000000000000000000e+00 -3.350000000000000089e+00 1.122250000000000014e+01 -3.759537500000000421e+01 1.259445062500000176e+02
1.000000000000000000e+00 -2.779999999999999805e+00 7.728399999999998826e+00 -2.148495199999999627e+01 5.972816655999998403e+01
1.000000000000000000e+00 -1.790000000000000036e+00 3.204099999999999948e+00 -5.735339000000000631e+00 1.026625681000000156e+01
1.000000000000000000e+00 5.000000000000000000e-01 2.500000000000000000e-01 1.250000000000000000e-01 6.250000000000000000e-02
1.000000000000000000e+00 1.899999999999999911e+00 3.609999999999999876e+00 6.858999999999999098e+00 1.303209999999999802e+01
1.000000000000000000e+00 2.490000000000000213e+00 6.200100000000000833e+00 1.543824900000000433e+01 3.844124001000001556e+01
1.000000000000000000e+00 3.180000000000000160e+00 1.011240000000000094e+01 3.215743200000000712e+01 1.022606337600000188e+02
1.000000000000000000e+00 3.290000000000000036e+00 1.082409999999999961e+01 3.561128899999999931e+01 1.171611408100000062e+02
1.000000000000000000e+00 3.500000000000000000e+00 1.225000000000000000e+01 4.287500000000000000e+01 1.500625000000000000e+02
