1.000000000000000000e+00 1.000000000000000056e-01 1.000000000000000194e-02
1.000000000000000000e+00 3.499999999999999778e-01 1.224999999999999839e-01
1.000000000000000000e+00 6.700000000000000400e-01 4.489000000000000767e-01
1.000000000000000000e+00 8.900000000000000133e-01 7.921000000000000263e-01
1.000000000000000000e+00 1.199999999999999956e+00 1.439999999999999947e+00
1.000000000000000000e+00 1.449999999999999956e+00 2.102500000000000036e+00
1.000000000000000000e+00 1.780000000000000027e+00 3.168400000000000105e+00
1.000000000000000000e+00 1.989999999999999991e+00 3.960100000000000176e+00
1.000000000000000000e+00 2.250000000000000000e+00 5.062500000000000000e+00
1.000000000000000000e+00 2.750000000000000000e+00 7.562500000000000000e+00
1.000000000000000000e+00 2.950000000000000178e+00 8.702500000000000568e+00
1.000000000000000000e+00 3.100000000000000089e+00 9.610000000000001208e+00
