1.000000000000000000e+00 -4.099999999999999645e+00 1.680999999999999872e+01
1.000000000000000000e+00 -3.350000000000000089e+00 1.122250000000000014e+01
1.000000000000000000e+00 -2.669999999999999929e+00 7.128899999999999793e+00
1.000000000000000000e+00 -1.889999999999999902e+00 3.572099999999999831e+00
1.000000000000000000e+00 1.199999999999999956e+00 1.439999999999999947e+00
1.000000000000000000e+00 1.989999999999999991e+00 3.960100000000000176e+00
1.000000000000000000e+00 3.779999999999999805e+00 1.428839999999999932e+01
1.000000000000000000e+00 4.099999999999999645e+00 1.680999999999999872e+01
1.000000000000000000e+00 4.650000000000000355e+00 2.162250000000000227e+01
1.000000000000000000e+00 4.950000000000000178e+00 2.450250000000000128e+01
